FF,MF,RF,Label
0.50341191051383,0.24968982622528232,0.24689826295071396,高齢者
0.5787155961179026,0.19963302744967595,0.22165137606544905,高齢者
0.5866514976918273,0.19795221835496693,0.21539628357398702,高齢者
0.5505341000203229,0.21405094485864795,0.23541495471018287,高齢者
0.530032467317357,0.21225649342035047,0.25771103885644847,高齢者
0.46223316893996996,0.21551724129083857,0.3222495893586825,高齢者
0.4568106310395305,0.21719269093970403,0.3259966776054831,高齢者
0.49102058673192267,0.22864651763966426,0.28033289519039295,高齢者
0.5522696009104988,0.17916093528914687,0.2685694634564754,高齢者
0.7160407157893856,0.10775710771928498,0.17620217614032918,高齢者
0.6606217614440992,0.17001295331281965,0.169365284919247,高齢者
0.6945324878389333,0.17630744842460086,0.1291600633402694,高齢者
0.6240115022918722,0.1869158877832797,0.18907260956539446,高齢者
0.6280726752304693,0.18525115775374024,0.18667616665953823,高齢者
0.7004984138194389,0.13819664696955294,0.16130493875790444,高齢者
0.618310767047611,0.167956157263715,0.2137330753663014,高齢者
0.6280909988037946,0.11144081763552892,0.26046818323096993,高齢者
0.6080222396314447,0.17911040501226752,0.21286735495914721,高齢者
0.6198766773232222,0.18933623496941016,0.19078708734465466,高齢者
0.8275079433374908,0.021334543794219455,0.15115751241436337,高齢者
0.8433456558025205,0.02079482438965119,0.13585951934572113,高齢者
0.7855308215815365,0.09332191776826973,0.12114726022211163,高齢者
0.7947346767607015,0.08926367746225271,0.11600164536569246,高齢者
0.7828089022322299,0.11051419796219716,0.1066768994218431,高齢者
0.788781431029485,0.1040618955110012,0.10715667307266667,高齢者
0.7822085886571286,0.11234662572379348,0.10544478523564234,高齢者
0.7819087770096173,0.11230356454108718,0.10578765806600704,高齢者
0.7821250476478232,0.11238971994154595,0.10548523202704825,高齢者
0.7741935480932852,0.12182163183232576,0.10398481969488242,高齢者
0.6597671407956769,0.17302716682631722,0.16720569205459065,高齢者
0.6574282949863267,0.17628101831251014,0.1662906863788944,高齢者
0.7583459784680023,0.044006069786037154,0.1976479513665979,高齢者
0.6004299752455682,0.16001228496314118,0.2395577394841653,高齢者
0.7307046976800736,0.02307046978898051,0.24622483211148288,高齢者
0.7611496527447227,0.023785926648272584,0.2150644201114646,高齢者
0.7882236512675785,0.021771400286110142,0.1900049479515067,高齢者
0.7864298721373271,0.01912568305139996,0.19444444435589964,高齢者
0.7881205670265423,0.018173758857192485,0.19370567367300282,高齢者
0.8063364565790556,0.019187862552794352,0.17447568042192071,高齢者
0.8036509346377334,0.017809438994742015,0.1785396259222887,高齢者
0.7858439197886371,0.021324863874172022,0.1928312158834704,高齢者
0.7251286446290186,0.02315608918389533,0.25171526575826964,高齢者
0.7452830185331164,0.017520215625552466,0.23719676539209492,高齢者
0.7754545451020661,0.017272727264876032,0.20727272717851242,高齢者
0.7299477927242773,0.017085904120984385,0.25296630268012993,高齢者
0.6604798548390766,0.016749660472272675,0.3227704842359572,高齢者
0.6160635478305104,0.017652250654169352,0.36628420107401405,高齢者
0.5424988385775668,0.021365536450828827,0.4361356245071363,高齢者
0.5997273963654124,0.022716946832023195,0.3775556563482255,高齢者
0.6127012519621193,0.02101967798702161,0.36627906960363193,高齢者
0.6845351040395944,0.017077798853378654,0.29838709663264373,高齢者
0.6663611362665623,0.016498625107012548,0.3171402381681301,高齢者
0.6778338684360561,0.018815970620093634,0.30335016048492425,高齢者
0.6815227480587174,0.018105849573767017,0.30037140190326306,高齢者
0.6743014197552445,0.020155748960075243,0.30554283082659517,高齢者
0.6846011128550088,0.01948051947148399,0.2959183672096854,高齢者
0.6861552849924438,0.018241347044788893,0.2956033674950405,高齢者
0.6779739773801237,0.019052044600812248,0.30297397755438016,高齢者
0.682264856957293,0.01824988300503047,0.2994852595697308,高齢者
0.6756630988014597,0.018613308506927266,0.3057235922262803,高齢者
0.6807511733893188,0.0183098591463334,0.30093896699486433,高齢者
0.6908831905551363,0.017568850893841952,0.29154795807618805,高齢者
0.6959847033001986,0.017208412993686226,0.2868068832281038,高齢者
0.6932251905089575,0.017652671747303117,0.2891221372666402,高齢者
0.6889838553233695,0.017568850893841952,0.29344729330795477,高齢者
0.6873814038484908,0.017552182154861394,0.29506641352226454,高齢者
0.68934348206977,0.01712654613837938,0.29352997131611325,高齢者
0.6799812026879788,0.017387218036942098,0.30263157880515434,高齢者
0.6755493217973122,0.01729780270346059,0.3071528750317191,高齢者
0.6194158072940654,0.01804123710565239,0.362542955170729,高齢者
0.6023440767675412,0.019254918367829672,0.37840100444604396,高齢者
0.596265559918562,0.019502074680704536,0.3842323649857957,高齢者
0.5985006244904204,0.019158683873736492,0.38234069121935,高齢者
0.6027684561229998,0.019295302005329154,0.37793624145220794,高齢者
0.6079593562201696,0.01820491108458725,0.3738357322718731,高齢者
0.6098597532469785,0.018274543128655105,0.3718657031993771,高齢者
0.6147260271341071,0.01797945204709784,0.367294520390713,高齢者
0.6183304644499439,0.016781411352503696,0.3648881237672599,高齢者
0.6114188322916835,0.017895185335366347,0.37068598194687435,高齢者
0.6124626544547749,0.01792573622794463,0.36961160889047734,高齢者
0.6165736364892342,0.0171747531055497,0.3662516099758473,高齢者
0.6156156153515163,0.017589017581471893,0.36679536663801143,高齢者
0.6092687072239504,0.017857142849550537,0.372874149501329,高齢者
0.6105666806090471,0.017895185335366347,0.3715381336295108,高齢者
0.616244090839603,0.017189514388831324,0.366566394341828,高齢者
0.6176724135268654,0.0172413793029132,0.365086206739187,高齢者
0.6297760208037875,0.016249451024923388,0.35397452773211485,高齢者
0.6439155812106352,0.01661427929204568,0.33947013904828466,高齢者
0.677998111105761,0.016997167130785095,0.30500472129131034,高齢者
0.6818613482042444,0.01614434947001693,0.3019943018509049,高齢者
0.6652758457740956,0.01668984700199822,0.31803430676029937,高齢者
0.6708742399855661,0.01729780270346059,0.3118279568434652,高齢者
0.6859188540878669,0.016229116937360805,0.29785202849744535,高齢者
0.6844613914754712,0.01620591038312397,0.2993326976647604,高齢者
0.6789598105536834,0.016548463349149663,0.30449172562435384,高齢者
0.6772062290338811,0.01651722509838734,0.306276545395811,高齢者
0.6854684509151681,0.016252390049592547,0.298279158557228,高齢者
0.6746591440175557,0.01598495532863895,0.30935590018365966,高齢者
0.6599171649056985,0.016106764833821095,0.32397606980028715,高齢者
0.6287845543533197,0.015357612981413948,0.3558578322264775,高齢者
0.6259842516946701,0.016185476808317816,0.35783027105956683,高齢者
0.6263688126910343,0.01620674550319459,0.35742444136775103,高齢者
0.6237450892083173,0.01615015276466602,0.36010475759052607,高齢者
0.620869564947448,0.01652173912325142,0.36260869549451796,高齢者
0.6183868167309684,0.017346053765244555,0.3642671290701357,高齢者
0.6075841497198193,0.018747337018002838,0.3736685128361021,高齢者
0.6059574465506564,0.018723404247351742,0.37531914877645994,高齢者
0.5803425772510838,0.019983686778146947,0.39967373556293895,高齢者
0.5766423355325863,0.021492295206207504,0.4018653688556913,高齢者
0.5695390779280405,0.02164328656447163,0.40881763510668634,高齢者
0.5688550838395297,0.022818254594548337,0.40832666116560185,高齢者
0.5732741216902406,0.022204279361241714,0.4045215985448036,高齢者
0.5848434923456164,0.02141680394505074,0.3937397032974713,高齢者
0.5914202413196917,0.020408163256806264,0.38817159500700893,高齢者
0.6211261455167498,0.01745962461044975,0.36141422943630985,高齢者
0.6832535881898308,0.016746411475240953,0.29999999985645937,高齢者
0.6591014355446496,0.017600741075682845,0.3232978229164901,高齢者
0.6184668986853368,0.027003484308796392,0.35452961657032683,高齢者
0.5956284150501773,0.040773434198918275,0.36359815033055987,高齢者
0.6000848173875807,0.03562340965410373,0.3642917725342274,高齢者
0.5942881139881192,0.0340193195993199,0.3716925659925693,高齢者
0.604531850960012,0.03548525009171216,0.35998289852074267,高齢者
0.6159199649343541,0.030448020865398863,0.35363201376527537,高齢者
0.6185072018251824,0.0279353993767196,0.35355739836160743,高齢者
0.6149500214624294,0.028248587558344813,0.35680139054463217,高齢者
0.6167247384073499,0.027003484308796392,0.3562717768483137,高齢者
0.6188811186106289,0.025786713275442873,0.3553321676768653,高齢者
0.6225252966904861,0.022437307513226,0.3550373953563408,高齢者
0.6271036312546042,0.018600531435517924,0.35429583686700805,高齢者
0.6271036312546042,0.019043401231601684,0.3538529670709243,高齢者
0.6281028366010183,0.018173758857192485,0.3537234040985269,高齢者
0.6293830445497635,0.017754105629048333,0.35286284937733564,高齢者
0.6671374761454155,0.017890772119637115,0.3149717512641376,高齢者
0.6855072460456487,0.017874396126630727,0.2966183573446288,高齢者
0.6799233346047325,0.017249640624221543,0.30282702429188935,高齢者
0.6888027141595722,0.017450315066674594,0.2937469702890223,高齢者
0.7037949725461828,0.015771315911399054,0.28043371104956444,高齢者
0.7095497275064078,0.01583374566262556,0.274616526336162,高齢者
0.7094861656573684,0.015810276672030495,0.27470355717652983,高齢者
0.6968810912783231,0.01510721246827134,0.2880116957660762,高齢者
0.6864161846404546,0.015414258181399684,0.2981695566964501,高齢者
0.6975609752694825,0.01560975608994646,0.2868292681527662,高齢者
0.7078596140841029,0.01532377656187653,0.27681660885970505,高齢者
0.6712264147777234,0.015566037728506586,0.31320754702207193,高齢者
0.629924745183743,0.015050907474523725,0.35502434689905965,高齢者
0.6885562526853906,0.015451472711032607,0.2959922741207184,高齢者
0.7092337914001798,0.015225933194879207,0.2755402749137818,高齢者
0.7189510139935917,0.01484413655871146,0.2662048489528922,高齢者
0.717326732318155,0.01485148514116263,0.2678217820456328,高齢者
0.7127344517706148,0.01480750246060834,0.27245804527519346,高齢者
0.7061425057955073,0.015233415225929525,0.2786240784871626,高齢者
0.701171874657631,0.015136718742609025,0.2836914061114788,高齢者
0.698104034663051,0.015070490998993442,0.2868254738518107,高齢者
0.693759070781926,0.015481373964450231,0.2907595547698309,高齢者
0.7034313722042003,0.01519607842392349,0.2813725488816801,高齢者
0.70053737142133,0.01465559354437929,0.28480703454577083,高齢者
0.6878001917926032,0.014889529291599651,0.2973102784354898,高齢者
0.6889423073610854,0.014903846146680845,0.2961538460114645,高齢者
0.6991711356903115,0.014627011206910283,0.2862018526152112,高齢者
0.7030867218505209,0.015188633015586166,0.28172464464393693,高齢者
0.6969844354586652,0.015564202327060213,0.2874513617278933,高齢者
0.7030867218505209,0.015188633015586166,0.28172464464393693,高齢者
0.6990243899029149,0.01560975608994646,0.28536585351933375,高齢者
0.7036310104496413,0.015701668294552665,0.2806673207651289,高齢者
0.7089294520429553,0.01480019732866295,0.27627035013504175,高齢者
0.7082306551462638,0.014785608666936614,0.2769837356939459,高齢者
0.7082306551462638,0.014292755044705393,0.27747658931617714,高齢者
0.6974259345811433,0.01505585234820017,0.2875182125849839,高齢者
0.6517615173207942,0.015808491411107278,0.3324299908164273,高齢者
0.6553133512010385,0.01771117165408212,0.32697547669074684,高齢者
0.6680497922231213,0.021207929911845124,0.3107422774039916,高齢者
0.6671270715160557,0.03637200734973665,0.2965009206738025,高齢者
0.6590493598450414,0.04661791588362984,0.2943327238142904,高齢者
0.6498194942915977,0.0568592057505148,0.293321299506624,高齢者
0.6416778221143785,0.06425702808377642,0.29406514935561573,高齢者
0.6310466136187131,0.071240105509569,0.29771328043196427,高齢者
0.6223381135930734,0.07040417206849015,0.3072577139038428,高齢者
0.6216333620236172,0.06342311031128449,0.3149435272306935,高齢者
0.6286215976169353,0.05706760313561563,0.31431079880846763,高齢者
0.6377392075488477,0.047619047597855346,0.31464174440825915,高齢者
0.6383829406315491,0.040870724104455476,0.3207463348197484,高齢者
0.6409799551710558,0.03385300666643519,0.32516703771707484,高齢者
0.6427312772498982,0.021145374440024064,0.3361233478695492,高齢者
0.6376429196844139,0.018029903246248945,0.3443271766295835,高齢者
0.6336980303572438,0.017943107213154,0.34835886199196553,高齢者
0.6739636699236313,0.017233348850846136,0.30880298075975643,高齢者
0.6910219671962646,0.016236867231978574,0.29274116509420195,高齢者
0.6995666823786391,0.01540683677640499,0.2850264803634923,高齢者
0.7040963852028451,0.014939759028944696,0.2809638552862825,高齢者
0.7070463317050935,0.014961389954169214,0.27799227785811187,高齢者
0.708131655029946,0.014520813158508804,0.27734753132751816,高齢者
0.7093810441444,0.014506769818903883,0.27611218555313727,高齢者
0.7049495431499522,0.015377222481798548,0.2796732338877111,高齢者
0.699476937375427,0.017118402274313646,0.28340465987474817,高齢者
0.697443181487953,0.017518939385644444,0.2850378786529177,高齢者
0.6910722717566972,0.017477562580312914,0.29145016519062344,高齢者
0.6767021766203325,0.019916628059325325,0.3033811948571648,高齢者
0.6666666663643236,0.023582766429214166,0.3097505667529476,高齢者
0.6544150602176535,0.024204392638187185,0.32138054669592986,高齢者
0.6825396822210366,0.020541549943724768,0.2969187673683853,高齢者
0.7081766913965335,0.017857142848751343,0.27396616528479034,高齢者
0.7405286340350095,0.015418502195850881,0.2440528633286111,高齢者
0.7461368650127431,0.014128035313850758,0.23973509923190506,高齢者
0.745836984773954,0.015337423306162392,0.23882559148167154,高齢者
0.7473776220509714,0.015297202790516957,0.2373251747214488,高齢者
0.7585757704044396,0.01432913590346108,0.22709509325788316,高齢者
0.7745013006181695,0.013443191668064531,0.2120555072801147,高齢者
0.7704634037373481,0.0134257254164462,0.21611087041311786,高齢者
0.7326502092535397,0.01769911503600414,0.24965067524468995,高齢者
0.7217644203966241,0.017935046040748887,0.260300533077896,高齢者
0.7165048540211142,0.02233009707653879,0.2611650484169102,高齢者
0.7103877449926339,0.03303015795450926,0.25658209657415887,高齢者
0.7004854365531624,0.028640776685125838,0.2708737862762749,高齢者
0.705479451709648,0.024461839518365048,0.27005870828275014,高齢者
0.707149852738908,0.02448579822503144,0.26836434854634456,高齢者
0.7135850903807822,0.02256007845877387,0.2638548306700074,高齢者
0.7140748027981915,0.02116141731242056,0.2647637793972619,高齢者
0.7137931030966536,0.021182265999417603,0.2650246304113179,高齢者
0.710500490328508,0.023061825307624226,0.2664376838731905,高齢者
0.7093137251424932,0.023039215674980774,0.26764705869232985,高齢者
0.7057381065690347,0.02256007845877387,0.27170181448175484,高齢者
0.7091535429580937,0.02066929132841078,0.2701771652213695,高齢者
0.7183449647465877,0.020937188424258627,0.2607178463306491,高齢者
0.7094227919539108,0.019733596438217267,0.270843611114532,高齢者
0.7045231068316012,0.019665683372829063,0.2758112093039276,高齢者
0.7230614296459912,0.0196374622257616,0.25730110762472247,高齢者
0.7123015869482631,0.018353174594070844,0.2693452379616343,高齢者
0.7125124127544625,0.018371400189487883,0.26911618655952524,高齢者
0.7101879323886311,0.018793273976857924,0.27101879313995114,高齢者
0.7219708392549166,0.01960784312739676,0.2584213171149214,高齢者
0.7297709919950275,0.02137404579064934,0.24885496170541732,高齢者
0.7244488974326407,0.02154308616155156,0.2540080159048056,高齢者
0.7213359916643389,0.021435692910550502,0.257228314926606,高齢者
0.707449432310089,0.0202269363491727,0.2723236308473983,高齢者
0.7061728391574454,0.020246913570248437,0.27358024677847886,高齢者
0.7043435337096033,0.020730503444851674,0.2749259623519615,高齢者
0.7046913576766956,0.02123456789074836,0.27407407393872885,高齢者
0.7093253964735489,0.018353174594070844,0.2723214284363485,高齢者
0.7160060207144977,0.018063221265397278,0.2659307575183488,高齢者
0.7268565611765734,0.019837232950235383,0.2533062053645441,高齢者
0.7297297293576085,0.01988781233050086,0.25038245780194673,高齢者
0.7336400814245193,0.01840490796605066,0.2479550100981825,高齢者
0.7411167508928341,0.017766497452910406,0.24111675114664122,高齢者
0.7693416622924836,0.015857760684354752,0.21480057654262347,高齢者
0.7946554145360266,0.015471167362648305,0.18987341763250193,高齢者
0.8343558278796092,0.013496932509817205,0.15214723920157577,高齢者
0.823192239495947,0.014550264543849091,0.16225749551928684,高齢者
0.7860020137029193,0.01711983886348447,0.1968781469300714,高齢者
0.7655677651671544,0.017791732068136192,0.21664050224142306,高齢者
0.7674907939150495,0.017885323504531654,0.21462388205437985,高齢者
0.7540301608143368,0.01716068641853318,0.2288091522471091,高齢者
0.7652631574919667,0.01789473683268698,0.21684210514903046,高齢者
0.7602308495486721,0.0173137460559739,0.22245540387069496,高齢者
0.7595800520947086,0.016797900253649394,0.22362204712670758,高齢者
0.7687830683763052,0.017989417979899777,0.21322751311469443,高齢者
0.78144654047094,0.018867924518413036,0.19968553448653797,高齢者
0.799603174206546,0.017857142848285146,0.18253968244913704,高齢者
0.8008915300639466,0.017830609203650018,0.18127786023710854,高齢者
0.7947421634000292,0.019716885733206832,0.18554095036120274,高齢者
0.8105413101564382,0.017568850893841952,0.17188983847488612,高齢者
0.7872670803378534,0.020703933736695684,0.1920289854078525,高齢者
0.7854166662575954,0.02187499998860677,0.1927083332329644,高齢者
0.7813977925478729,0.02049395689937259,0.19810825002726837,高齢者
0.7738534524123071,0.024248813903927878,0.20189773315661688,高齢者
0.7681312859882841,0.02117522497555573,0.21069348850677952,高齢者
0.7645195349712146,0.019535374857689875,0.2159450896431124,高齢者
0.7719298241510207,0.019138755970686466,0.2089314193466606,高齢者
0.7739361698010977,0.01914893616002716,0.20691489350696016,高齢者
0.7755319144811,0.020212765946695337,0.2042553190402897,高齢者
0.7761828810333955,0.020733652301577005,0.20308346613339529,高齢者
0.7774827398951233,0.020711630366058612,0.20180562920775058,高齢者
0.7789529345431238,0.020624008450225273,0.2004230564778302,高齢者
0.7748802550426395,0.019691325162484657,0.2054284192626778,高齢者
0.766206163248562,0.020722635483144188,0.21307120073694408,高齢者
0.7718369503590063,0.021704605599944624,0.20645844351166837,高齢者
0.8086124398044917,0.018660287072411345,0.17272727264462812,高齢者
0.8256021405773407,0.016949152534813047,0.15744870644181594,高齢者
0.8326745714393173,0.016688625376948343,0.15063680274456004,高齢者
0.832003545730495,0.016843971623739375,0.15115248220250335,高齢者
0.832149200340964,0.01687388986817323,0.1509769093468131,高齢者
0.8359511340157282,0.016579406624529055,0.14746945892344265,高齢者
0.8385843759868,0.016832110480434998,0.14458351310117243,高齢者
0.8407725318279947,0.016309012868536907,0.14291845487428392,高齢者
0.8413173649096162,0.01582549186662725,0.1428571427960406,高齢者
0.8396715640277997,0.01598962834226896,0.14433880719777925,高齢者
0.834148510078191,0.016451756328834256,0.14939973314833271,高齢者
0.8272727268966943,0.01681818181053719,0.15590909083822316,高齢者
0.8120446814900221,0.017969888286561493,0.16998542973774386,高齢者
0.7910295612685884,0.01987767583084726,0.18909276239088033,高齢者
0.7761904757797934,0.02222222221046443,0.20158730148064163,高齢者
0.7673924584347358,0.02177376525662572,0.210833775777571,高齢者
0.7176648209775215,0.0266733769367522,0.25566180158245505,高齢者
0.6147505420326462,0.05683297177577745,0.3284164857577369,高齢者
0.5926081475881528,0.07769844599844669,0.3296934059934089,高齢者
0.6047210297833816,0.06824034331835178,0.32703862646908216,高齢者
0.6211453741757069,0.05594713653923034,0.3229074888445342,高齢者
0.6504139831414839,0.03449862003932906,0.31508739635920546,高齢者
0.698771498428122,0.044226044204311525,0.25700245687616585,高齢者
0.6492912662783304,0.0740740740402039,0.27663465922421826,高齢者
0.5855263155487145,0.09662828943395219,0.31784539460614913,高齢者
0.5990725123949947,0.08473861716495,0.3161888700184701,高齢者
0.6250549447801956,0.07956043952546794,0.295384615254776,高齢者
0.6295968096457258,0.06690296851267037,0.3035002213985378,高齢者
0.6823869101624702,0.03897978823918201,0.2786333011171159,高齢者
0.6876818619361388,0.037827352067009046,0.27449078551188616,高齢者
0.6886838267660593,0.03496843126033588,0.2763477414879321,高齢者
0.6913700630466261,0.031204290574741937,0.27742564589106505,高齢者
0.6918945309121609,0.03027343748521805,0.27783203111433985,高齢者
0.6922325350795151,0.030776746443196508,0.27699071798876856,高齢者
0.6915933525456532,0.02981427173518364,0.2785923752304045,高齢者
0.6804819273829004,0.03180722890033387,0.28771084323483814,高齢者
0.6809845556558956,0.03185328183790865,0.2871621620235704,高齢者
0.6799999996722892,0.03228915661094499,0.28771084323483814,高齢者
0.6772334290695325,0.03266090296221859,0.2901056674879416,高齢者
0.6807896000573955,0.03418391909764857,0.2850264803634923,高齢者
0.6814457828041226,0.033253012032167226,0.28530120468178255,高齢者
0.6746297177856524,0.03153368369253049,0.2938365980440341,高齢者
0.6649387367271731,0.031573986790021685,0.30348727601155173,高齢者
0.6579561359505571,0.0317312179039985,0.31031264567880884,高齢者
0.6687203788299904,0.031279620838256104,0.29999999985781994,高齢者
0.6793269227503236,0.03076923075443787,0.28990384601446934,高齢者
0.6832688584703729,0.030464216619698156,0.28626692442637,高齢者
0.6829386173596237,0.029966167216062753,0.28709521494098833,高齢者
0.6778684586280037,0.029764762347688545,0.29236677854423104,高齢者
0.6783653842892474,0.02980769229336169,0.2918269229366217,高齢者
0.6794995184410494,0.029355149167779045,0.2911453319099397,高齢者
0.6803278685244322,0.029411764691701175,0.2902603663017067,高齢者
0.6760900811326833,0.030186871092387702,0.2937230472957724,高齢者
0.684772065623292,0.028128031024186213,0.2870999028675558,高齢者
0.6897560972245093,0.027317073157406307,0.2829268291302796,高齢者
0.7062344136128507,0.025935162081827848,0.26783042380656835,高齢者
0.7176767673143046,0.02525252523977145,0.25707070694087336,高齢者
0.712280701397353,0.025563909761622098,0.2621553883397717,高齢者
0.718039413482547,0.024759979775260243,0.257200606236887,高齢者
0.7192093255351194,0.02483527621650518,0.255955397741533,高齢者
0.7154389501940267,0.023713420775119363,0.260847628526313,高齢者
0.6155810980776582,0.19114516807528942,0.1932737334213394,若者
0.5605740816544643,0.2186576613682323,0.22076825655518437,若者
0.6336146270627234,0.18354430373293099,0.1828410688527282,若者
0.6328757477532997,0.1837381203154741,0.18338613157923755,若者
0.5988461536158284,0.19999999992307693,0.2011538460764793,若者
0.5988439304050698,0.19999999992292872,0.20115606928664506,若者
0.6007677540879971,0.19961612276406293,0.19961612276406293,若者
0.5962495213944702,0.20053578254858945,0.20321469567423855,若者
0.5784136180447614,0.2049981889876863,0.21658819260536466,若者
0.493365500454353,0.26206272609708603,0.24457177314699283,若者
0.5548890220291275,0.24235152962137027,0.20275944804956225,若者
0.5699152540647956,0.2418280870938777,0.18825665853866325,若者
0.5847156396372288,0.23726303310507613,0.1780213269614866,若者
0.5861451177706345,0.23559271417271047,0.17826216775805848,若者
0.5828501676585749,0.23924321018027367,0.17790662185599432,若者
0.5771615006273535,0.23327895587821243,0.1895595431681698,若者
0.574755315364578,0.22983462698959345,0.19541005730833275,若者
0.5788388867815738,0.22260391610353697,0.19855719677136477,若者
0.5784044014517179,0.2231774414638317,0.19841815674057148,若者
0.5787659425788466,0.22268183377363607,0.1985522233028086,若者
0.5791666664655671,0.22118055547875676,0.1996527777084539,若者
0.5797101447226193,0.21739130427098222,0.20289855065291676,若者
0.5810234539513065,0.2160625443439721,0.20291400134935536,若者
0.5782409040698548,0.2193571175487965,0.20240197802811657,若者
0.5709928835747229,0.23415791249266082,0.19484920359374816,若者
0.5745320853694746,0.23429144377196143,0.19117647052433942,若者
0.5771012572544337,0.2336201190490999,0.1892786233655597,若者
0.57530120462674,0.23360107087228882,0.1910977241662993,若者
0.5777318164158112,0.22578421226274245,0.1964839709767377,若者
0.5786536447231763,0.2221834669612196,0.1991628879668075,若者
0.5777238027141833,0.22449687709073668,0.1977793198480988,若者
0.5762829401607896,0.22538141462365416,0.19833564486881566,若者
0.5745341612924313,0.22774327114294574,0.19772256721955744,若者
0.5743289743378084,0.2288368891160231,0.19683413620205295,若者
0.5723549486101178,0.2320819111835898,0.19556313986499552,若者
0.5727794662030464,0.23404255311244765,0.19317798034678219,若者
0.5761316870452223,0.22839506165007029,0.19547325096177187,若者
0.5767104351842742,0.22667588105505326,0.19661368341513005,若者
0.5778702738196774,0.224765868808614,0.1973638570248478,若者
0.573306369877551,0.23424334336560723,0.19245028641980105,若者
0.5768077305642094,0.23325558139511646,0.18993668770745195,若者
0.5733467604654761,0.23464249740361112,0.1920107417952297,若者
0.5760262723888255,0.23612479466793931,0.18784893261482793,若者
0.5797973399050673,0.23907536407882352,0.18112729569945304,若者
0.5807692305830868,0.23653846146264793,0.18269230763375247,若者
0.5866251942187791,0.2363919128347148,0.1769828926354641,若者
0.5869565215594132,0.2397428045806054,0.1733006735537965,若者
0.5874425725612733,0.23889739655776498,0.173660030574683,若者
0.5880845609903637,0.2303010889717165,0.1816143497176123,若者
0.5889987637240425,0.2354758960953412,0.1755253398715929,若者
0.5899814469418734,0.2350030920732829,0.17501546067562912,若者
0.5948060073232773,0.2280976219561647,0.177096370407667,若者
0.5949606297338706,0.22677165347188294,0.17826771647928577,若者
0.5941527819571981,0.227915749692576,0.17793146803585932,若者
0.5887445885625403,0.23531230666811617,0.17594310446012892,若者
0.5701149423415058,0.23481116576853492,0.19507389156155208,若者
0.4969987993706486,0.2653061223693559,0.23769507795987543,若者
0.5520941500338892,0.20976116295958425,0.23814468666038607,若者
0.5790637668341084,0.2045705859916806,0.21636564680561532,若者
0.5678519591553512,0.20137880979630668,0.23076923068549737,若者
0.5721100915331706,0.20073394488046462,0.22715596321939233,若者
0.5907350686865486,0.19984686056667425,0.20941807036392876,若者
0.5913978492352543,0.19930875568382922,0.20929339469689195,若者
0.5898123322137832,0.1991574108773813,0.2110302565258406,若者
0.49999999980828225,0.19976993857370787,0.30023006123457435,若者
0.4978838012705334,0.20084647933788133,0.301269719006822,若者
0.4988452653969033,0.2009237874515305,0.3002309467666548,若者
0.49846153826982253,0.20076923069201183,0.3007692306535503,若者
0.5260683758435606,0.22350427340875886,0.2504273503203302,若者
0.5715658018388253,0.05187319882234717,0.3765609988585202,若者
0.5800193984545686,0.16747494336648078,0.25250565785563994,若者
0.64595660717655,0.0690335305379519,0.28500986179240145,若者
0.6698717945139573,0.030448717932452605,0.29967948701940195,若者
0.6118778751100469,0.2179004599674193,0.17022166450429876,若者
0.6191498494550667,0.2060970372665964,0.1747531128489682,若者
0.7691494977447704,0.024828314831046847,0.20602218689592064,若者
0.7430626923211394,0.016957862272889073,0.23997944489209688,若者
0.715725806090864,0.016633064507745432,0.2676411288973583,若者
0.701125895239956,0.017911975425838292,0.28096212882243493,若者
0.7161419286775902,0.016491754114696774,0.26736631670796285,若者
0.721327967444,0.015593561360365412,0.2630784706926165,若者
0.7285641802493332,0.015220700144484676,0.2562151190988254,若者
0.7337761876679733,0.01532958609334206,0.2508942257276984,若者
0.7429013935245733,0.014455343306940968,0.24264326265222338,若者
0.7436692502616696,0.013953488364881918,0.24237726085665257,若者
0.7391975304839519,0.015432098757493776,0.24537037024415104,若者
0.7492179349586976,0.014598540138374066,0.23618352438155185,若者
0.7524856092347013,0.014652014644347454,0.2328623755976649,若者
0.7443064178342099,0.01449275361568698,0.24120082803250473,若者
0.7387247274553008,0.015033696207862261,0.2462415758184336,若者
0.7304928127666874,0.015400410669712313,0.25410677605025317,若者
0.729284611050291,0.014925373126646746,0.25579001530839424,若者
0.7317198760392791,0.014933058694679166,0.25334706475110863,若者
0.7318952230447379,0.014894709802313964,0.25321006663933737,若者
0.7198093216526433,0.01536016948338974,0.2648305083343059,若者
0.7194206004724139,0.01609442059222402,0.2644849783988814,若者
0.7345041318520122,0.014979338835237945,0.25051652879622077,若者
0.7253968250130175,0.015343915335796869,0.25925925912208503,若者
0.7183999996168533,0.015466666658417777,0.26613333319139554,若者
0.7091007580124048,0.01625135427071974,0.27464788717516364,若者
0.7050516020070333,0.016295491571811246,0.2786529058779723,若者
0.6991869914909555,0.01680216801257335,0.28401083995446563,若者
0.696264211859088,0.016242555486603923,0.2874932321128894,若者
0.7024128682560788,0.015549597846890296,0.28203753336083776,若者
0.7204134363201997,0.01498708009561391,0.26459948306739045,若者
0.7333333329543497,0.013953488364881918,0.2527131781639725,若者
0.7390857726044757,0.014894709802313964,0.24601951707959963,若者
0.7527386537544399,0.014606155443606595,0.23265519028030504,若者
0.75997899119749,0.015231092428975265,0.2247899158483246,若者
0.7601262489425953,0.015255128871512293,0.2246186216598534,若者
0.7569408063085694,0.01519119957297475,0.22786799359462126,若者
0.7467566161148123,0.015568240780711862,0.23767514258553443,若者
0.7204595182054379,0.016958424498381607,0.26258205674913454,若者
0.7490927938055506,0.015552099525374754,0.23535510615067126,若者
0.7721518983269241,0.01687763712189998,0.21097046402374975,若者
0.7757158002249651,0.01749734887725485,0.20678685036755734,若者
0.7777777773642861,0.017543859639795926,0.2046783624642858,若者
0.7676501576566648,0.01738672285701437,0.2149631189594504,若者
0.7497382195027548,0.017801047111098926,0.23246073286258598,若者
0.7466181057509791,0.017689906338350724,0.23569198739037878,若者
0.7533960288644743,0.017763845340771238,0.22884012527228834,若者
0.7540469969952757,0.017754569181329206,0.22819843330120185,若者
0.7545691902064913,0.01723237597011364,0.22819843330120185,若者
0.7529963518744156,0.017196456478792883,0.2298071911256867,若者
0.7463541662779405,0.017187499991048176,0.23645833321017795,若者
0.7480519476633496,0.01714285713395176,0.23480519468321806,若者
0.7433766229904537,0.01714285713395176,0.239480519356114,若者
0.744403955885266,0.017178552828121522,0.23841749076605023,若者
0.7313432831922477,0.018123667367737916,0.2505330489069653,若者
0.7270765907620945,0.018338727066699714,0.25458468163183134,若者
0.7287862509512426,0.01772287861561607,0.2534908698960844,若者
0.7378590074475931,0.01723237597011364,0.24490861606009992,若者
0.7402597398751897,0.01714285713395176,0.24259740247137795,若者
0.7226158034209178,0.018528610344126097,0.25885558568999695,若者
0.739287557697838,0.017036654611751856,0.24367578717414776,若者
0.7403598967915886,0.016966580968140573,0.24267352172613185,若者
0.746486204712917,0.017178552828121522,0.23633524193839914,若者
0.7614533961235106,0.016850974188072156,0.2216956291618243,若者
0.7590741710893876,0.01735928457792778,0.22356654380664567,若者
0.7684545933253029,0.016994158249073733,0.21455124789455587,若者
0.7788259953989382,0.01729559747521195,0.20387840660174086,若者
0.7770700632818099,0.018046709119932742,0.20488322706747172,若者
0.7595800520947086,0.017847769019502482,0.2225721783608545,若者
0.7551234888307286,0.01891749867634393,0.2259590119674414,若者
0.7535395905854537,0.019926586250693976,0.22653382263946836,若者
0.7427536228039577,0.021221532080113077,0.2360248445983308,若者
0.7416879791602619,0.024552429654960392,0.23375959067326874,若者
0.7408568439180476,0.025600835932287964,0.23354231962719835,若者
0.7534386139819467,0.025471217511221996,0.22109016799740694,若者
0.7601438106008506,0.024653312776243802,0.21520287610929487,若者
0.7560975605832394,0.023871302530424854,0.22003113636739433,若者
0.756224065997809,0.021784232353846352,0.22199170112967234,若者
0.7535248037840601,0.021409921659838158,0.22506527403390847,若者
0.7523364482075096,0.02128764277191711,0.22637590850136244,若者
0.743194658067183,0.021058037996374915,0.23574730342283137,若者
0.7414058487730087,0.020523345294754566,0.238070805419153,若者
0.7509081469896688,0.02023871301492542,0.22885313947646438,若者
0.7430626923211394,0.020041109958868906,0.23689619720611704,若者
0.748447204581549,0.019668737049860902,0.23188405785099167,若者
0.7693931394356764,0.01952506595275722,0.21108179408386185,若者
0.77065677925283,0.020127118633407246,0.20921610158410162,若者
0.7764140870990319,0.01867662752471898,0.2049092848426311,若者
0.774210807504435,0.018191546271700616,0.2075976456888188,若者
0.7654843828663396,0.019057702478000156,0.21545791412627954,若者
0.7716115257355327,0.019210245453996667,0.2091782282768526,若者
0.7614775721575315,0.01846965698233791,0.22005277033242596,若者
0.7630883126583351,0.01850872553225345,0.2184029612805907,若者
0.7705442898769774,0.018143009595441295,0.21131269999396332,若者
0.7730420880271486,0.019179541811838282,0.20777836962824806,若者
0.7846481872150063,0.019189765448193088,0.19616204680375157,若者
0.7849865947533583,0.01930294905131209,0.19571045565913647,若者
0.7879440254101485,0.0188374596238765,0.19321851442776183,若者
0.7846735020050332,0.018888289250465033,0.19643820820483635,若者
0.7877155168169636,0.018857758610529223,0.19342672403371403,若者
0.7882225819620623,0.0189086979908651,0.19286871950682402,若者
0.7866018364199882,0.0189086979908651,0.19448946504889816,若者
0.7860238348938116,0.018418201506815706,0.1955579630576609,若者
0.7830802598790236,0.01898047721313423,0.19793926236554268,若者
0.7866449507130049,0.01900108576601461,0.1943539629780923,若者
0.7867247003336644,0.018498367781012857,0.194776931341253,若者
0.7874999995720108,0.018478260859522682,0.19402173902498818,若者
0.7918918914638422,0.018918918908692475,0.18918918908692475,若者
0.790988056030951,0.018458197601271337,0.19055374582488938,若者
0.7937976056616988,0.018498367781012857,0.1877040260132187,若者
0.7937806869646586,0.018548827049345976,0.18767048544044163,若者
0.7942139733656037,0.01855895195493507,0.18722707413360967,若者
0.7930092841108632,0.018569087919951342,0.1884216274230357,若者
0.7948857449429348,0.01795429814039483,0.18715995637260066,若者
0.7989247307532662,0.01881720429095849,0.18225806441814082,若者
0.7971800429516377,0.017895878515240847,0.18492407799082208,若者
0.7971723758579813,0.017944535063651693,0.1848830885345932,若者
0.79684953786157,0.017925040728992373,0.18522542086625451,若者
0.7969680558760324,0.018408229551484443,0.18462371403106456,若者
0.8019220497587175,0.018152696199598133,0.1799252535077815,若者
0.7958740495136405,0.018458197601271337,0.1856677523421999,若者
0.795193882689681,0.018569087919951342,0.1862370288442179,若者
0.795951859520814,0.018052516401503,0.18599562353063695,若者
0.7925561024671285,0.01806239736285583,0.1893814996226702,若者
0.7909388641970857,0.018013100426848744,0.19104803483021393,若者
0.7918032782558452,0.018032786875391917,0.19016393432231476,若者
0.793122270309431,0.01855895195493507,0.18831877718978232,若者
0.7957400323343855,0.018569087919951342,0.18569087919951344,若者
0.79628618197909,0.018022938275246893,0.18569087919951344,若者
0.7997841334054052,0.01834862384330889,0.18186724221162048,若者
0.8119526013333577,0.01803194228849462,0.17001545586294928,若者
0.8081180807548138,0.01739588823542652,0.17448603048261146,若者
0.7967391300017722,0.017934782598948488,0.18532608685580104,若者
0.7870722429184832,0.017925040728992373,0.19500271580934125,若者
0.7830802598790236,0.01898047721313423,0.19793926236554268,若者
0.7750269102394903,0.018299246491765744,0.20667384273053074,若者
0.7739504839752688,0.017761033359654985,0.20828848212686302,若者
0.7798810163440341,0.018388317999789985,0.20173066511534304,若者
0.7747844823411721,0.018318965507371245,0.2068965516126635,若者
0.7689008038772649,0.01769436996370275,0.21340482562283922,若者
0.7760951861676066,0.017847485117443218,0.20605732817411718,若者
0.7783197827759784,0.01788617885209421,0.20379403782992192,若者
0.7730458216856896,0.017789757402808755,0.2091644203724181,若者
0.7729234084288439,0.017799352741208547,0.2092772382905732,若者
0.7738801938619103,0.017808958436152746,0.20831084716227152,若者
0.77429805573742,0.017818574504417616,0.20788336921820552,若者
0.7745945941758947,0.01783783782819576,0.20756756745536886,若者
0.7719676545703678,0.017789757402808755,0.21024258748773983,若者
0.7700161199516302,0.01773240192491542,0.21225147758610882,若者
0.7630736388670898,0.01760939166616361,0.2193169689331286,若者
0.7618540219702429,0.01758124666085176,0.22056473083614025,若者
0.7631999995929599,0.01813333332366222,0.21866666655004444,若者
0.7634523171212294,0.0181140117111806,0.21843367063482488,若者
0.7623867870205717,0.0181140117111806,0.21949920073548257,若者
0.7602339177244901,0.01807549175009277,0.22169058999378488,若者
0.7614483489023172,0.01810436633753761,0.22044728422766385,若者
0.7598299677152869,0.01806588734427955,0.22210414440908385,若者
0.7570291773172259,0.018037135268945816,0.2249336868833243,若者
0.7575596812957243,0.018037135268945816,0.2244031829048259,若者
0.75715800596121,0.018027571570504997,0.22481442193806234,若者
0.7548967703785617,0.01799894122922237,0.2271042878628352,若者
0.7526539274136655,0.018046709119932742,0.22929936293561604,若者
0.744088281269528,0.017866526527658157,0.2380451916773278,若者
0.743684210134903,0.01789473683268698,0.23842105250609416,若者
0.7517204866322283,0.01799894122922237,0.23028057160916857,若者
0.7579617830371752,0.017515923557581782,0.22452229287445738,若者
0.7633262256059028,0.01759061832751033,0.21908315553353774,若者
0.7715053759292981,0.017741935474332293,0.2107526880587351,若者
0.7719203868897684,0.017751479280391887,0.210328133291916,若者
0.7715053759292981,0.017741935474332293,0.2107526880587351,若者
0.7737068961348561,0.01724137930105529,0.2090517240252954,若者
0.7749595246762225,0.017269293028996602,0.20777118175511539,若者
0.7789815813764996,0.017334777888767725,0.20368364019302077,若者
0.7775974021766248,0.017316017306647176,0.20508657997560248,若者
0.777056276635792,0.017316017306647176,0.20562770551643522,若者
0.7707212051826042,0.01722282022754423,0.2120559740516383,若者
0.7638888884808286,0.017094017084885674,0.2190170939000977,若者
0.76172707848522,0.017057569287282744,0.2212153516944481,若者
0.7641711225860047,0.017112299456089677,0.2187165774231462,若者
0.7649892929523612,0.017130620975840137,0.21788008553646676,若者
0.7730956235693702,0.017287952448790948,0.20961642344159026,若者
0.7759740255541265,0.017316017306647176,0.20670995659810065,若者
0.777777777356218,0.01734417343233378,0.20487804866944279,若者
0.77862181184014,0.01682040151013543,0.20455778610713088,若者
0.7763941522596675,0.01732539251904418,0.2062804546798698,若者
0.7696447789183828,0.01722282022754423,0.21313240031585984,若者
0.7658092171673048,0.01714898177001662,0.21704180052677288,若者
0.7682795694794196,0.017204301066019192,0.2145161289169268,若者
0.7686928452024244,0.017213555665834556,0.2140935985938173,若者
0.7662198387312493,0.017158176934499635,0.21662198379805792,若者
0.7621333329268621,0.017066666657564445,0.22079999988224,若者
0.7621333329268621,0.017066666657564445,0.22079999988224,若者
0.7655246248578561,0.017130620975840137,0.21734475363097175,若者
0.770059234911115,0.017232094767241735,0.21270866978314018,若者
0.7714285710127069,0.017250673845147883,0.21132075460306157,若者
0.7756756752563915,0.017297297287947405,0.2070270269151205,若者
0.7745415314053173,0.016720604090226212,0.20873786396508204,若者
0.776578520897691,0.017269293028996602,0.20615218553364695,若者
0.7743672586029255,0.017232094767241735,0.20840064609132974,若者
0.7749057615644018,0.017232094767241735,0.20786214312985343,若者
0.7778975737046374,0.017250673845147883,0.2048517519111311,若者
0.7771181863048471,0.017269293028996602,0.2056125201264908,若者
0.7757412394739939,0.017250673845147883,0.2070080861417746,若者
0.7769978397532409,0.017278617701253444,0.20572354200554882,若者
0.7764578829500767,0.017278617701253444,0.206263498808713,若者
0.7764578829500767,0.017278617701253444,0.206263498808713,若者
0.778559826324548,0.01732539251904418,0.20411478061498928,若者
0.7784398695674757,0.017334777888767725,0.20422535200204475,若者
0.7788617881957388,0.01734417343233378,0.20379403782992192,若者
0.7794037936154993,0.01680216801257335,0.20379403782992192,若者
0.7792841644363968,0.016811279817347462,0.2039045552039563,若者
0.7802495926314434,0.01682040151013543,0.20293000531582744,若者
0.7810972293421524,0.016838674624204956,0.20206409549045948,若者
0.7816404123945462,0.016838674624204956,0.20152091243806575,若者
0.7824904835331753,0.01685698748403644,0.20065252843901438,若者
0.7824904835331753,0.01685698748403644,0.20065252843901438,若者
0.7820652169662689,0.016847826077800093,0.20108695641245272,若者
0.7824904835331753,0.01685698748403644,0.20065252843901438,若者
0.7819467097433677,0.01685698748403644,0.201196302228822,若者
0.7787418650874501,0.016811279817347462,0.20444685455290298,若者
0.7772357719364575,0.01680216801257335,0.20596205950896365,若者
0.77711496704061,0.016811279817347462,0.20607375259974306,若者
0.7758527337434473,0.01732539251904418,0.20682187319608994,若者
0.7745945941758947,0.017297297287947405,0.20810810799561721,若者
0.772800863047598,0.016729627621840458,0.2104695087908961,若者
0.7663451228476178,0.01714898177001662,0.21650589484645985,若者
0.7678667379001253,0.017195056412039195,0.21493820515048995,若者
0.7722611976404419,0.017269293028996602,0.2104695087908961,若者
0.7753113152272272,0.016783974002824054,0.2079047102285302,若者
0.7779587400771125,0.016829533107041512,0.20521172627295778,若者
0.7793478256633979,0.016847826077800093,0.2038043477153237,若者
